# x u
0.000000000000000000e+00 1.000000000000000000e+00
2.004008041694760323e-03 9.950081706047058105e-01
4.008016083389520645e-03 9.880664944648742676e-01
6.012024357914924622e-03 9.792045354843139648e-01
8.016032166779041290e-03 9.684551358222961426e-01
1.002003997564315796e-02 9.558550715446472168e-01
1.202404871582984924e-02 9.414440989494323730e-01
1.402805652469396591e-02 9.252656698226928711e-01
1.603206433355808258e-02 9.073662161827087402e-01
1.803607307374477386e-02 8.877952694892883301e-01
2.004007995128631592e-02 8.666052222251892090e-01
2.204408869147300720e-02 8.438515067100524902e-01
2.404809743165969849e-02 8.195919394493103027e-01
2.605210430920124054e-02 7.938872575759887695e-01
2.805611304938793182e-02 7.668002247810363770e-01
3.006011992692947388e-02 7.383961081504821777e-01
3.206412866711616516e-02 7.087422609329223633e-01
3.406813740730285645e-02 6.779079437255859375e-01
3.607214614748954773e-02 6.459640860557556152e-01
3.807615116238594055e-02 6.129837632179260254e-01
4.008015990257263184e-02 5.790409445762634277e-01
4.208416864275932312e-02 5.442111492156982422e-01
4.408817738294601440e-02 5.085712075233459473e-01
4.609218612313270569e-02 4.721988737583160400e-01
4.809619486331939697e-02 4.351727068424224854e-01
5.010019987821578979e-02 3.975719511508941650e-01
5.210420861840248108e-02 3.594764173030853271e-01
5.410821735858917236e-02 3.209660947322845459e-01
5.611222609877586365e-02 2.821214795112609863e-01
5.811623483896255493e-02 2.430228888988494873e-01
6.012023985385894775e-02 2.037504762411117554e-01
6.212424859404563904e-02 1.643841862678527832e-01
6.412825733423233032e-02 1.250034868717193604e-01
6.613226234912872314e-02 8.568724989891052246e-02
6.813627481460571289e-02 4.651345685124397278e-02
7.014027982950210571e-02 7.559618446975946426e-03
7.214429229497909546e-02 -3.109853155910968781e-02
7.414829730987548828e-02 -6.938574463129043579e-02
7.615230232477188110e-02 -1.072284355759620667e-01
7.815631479024887085e-02 -1.445547640323638916e-01
8.016031980514526367e-02 -1.812939196825027466e-01
8.216433227062225342e-02 -2.173773199319839478e-01
8.416833728551864624e-02 -2.527377307415008545e-01
8.617234230041503906e-02 -2.873105704784393311e-01
8.817635476589202881e-02 -3.210329413414001465e-01
9.018035978078842163e-02 -3.538439273834228516e-01
9.218437224626541138e-02 -3.856855630874633789e-01
9.418837726116180420e-02 -4.165017306804656982e-01
9.619238972663879395e-02 -4.462388157844543457e-01
9.819639474153518677e-02 -4.748463332653045654e-01
1.002003997564315796e-01 -5.022757053375244141e-01
1.022044122219085693e-01 -5.284819006919860840e-01
1.042084172368049622e-01 -5.534219741821289062e-01
1.062124297022819519e-01 -5.770563483238220215e-01
1.082164347171783447e-01 -5.993481278419494629e-01
1.102204397320747375e-01 -6.202633380889892578e-01
1.122244521975517273e-01 -6.397713422775268555e-01
1.142284572124481201e-01 -6.578441262245178223e-01
1.162324696779251099e-01 -6.744572520256042480e-01
1.182364746928215027e-01 -6.895890831947326660e-01
1.202404797077178955e-01 -7.032211422920227051e-01
1.222444921731948853e-01 -7.153381109237670898e-01
1.242484971880912781e-01 -7.259278893470764160e-01
1.262525022029876709e-01 -7.349814772605895996e-01
1.282565146684646606e-01 -7.424932122230529785e-01
1.302605271339416504e-01 -7.484601140022277832e-01
1.322645246982574463e-01 -7.528827190399169922e-01
1.342685371637344360e-01 -7.557646036148071289e-01
1.362725496292114258e-01 -7.571120858192443848e-01
1.382765620946884155e-01 -7.569348812103271484e-01
1.402805596590042114e-01 -7.552454471588134766e-01
1.422845721244812012e-01 -7.520593404769897461e-01
1.442885845899581909e-01 -7.473947405815124512e-01
1.462925821542739868e-01 -7.412729263305664062e-01
1.482965946197509766e-01 -7.337175607681274414e-01
1.503006070852279663e-01 -7.247554063796997070e-01
1.523046046495437622e-01 -7.144156694412231445e-01
1.543086171150207520e-01 -7.027297019958496094e-01
1.563126295804977417e-01 -6.897318363189697266e-01
1.583166420459747314e-01 -6.754584908485412598e-01
1.603206396102905273e-01 -6.599485278129577637e-01
1.623246520757675171e-01 -6.432426571846008301e-01
1.643286645412445068e-01 -6.253838539123535156e-01
1.663326621055603027e-01 -6.064173579216003418e-01
1.683366745710372925e-01 -5.863893628120422363e-01
1.703406870365142822e-01 -5.653487443923950195e-01
1.723446846008300781e-01 -5.433456301689147949e-01
1.743486970663070679e-01 -5.204316973686218262e-01
1.763527095317840576e-01 -4.966599047183990479e-01
1.783567219972610474e-01 -4.720847904682159424e-01
1.803607195615768433e-01 -4.467621147632598877e-01
1.823647320270538330e-01 -4.207480251789093018e-01
1.843687444925308228e-01 -3.941002488136291504e-01
1.863727420568466187e-01 -3.668771386146545410e-01
1.883767545223236084e-01 -3.391377925872802734e-01
1.903807669878005981e-01 -3.109417557716369629e-01
1.923847794532775879e-01 -2.823492884635925293e-01
1.943887770175933838e-01 -2.534202635288238525e-01
1.963927894830703735e-01 -2.242154330015182495e-01
1.983968019485473633e-01 -1.947954148054122925e-01
2.004007995128631592e-01 -1.652210652828216553e-01
2.024048119783401489e-01 -1.355521380901336670e-01
2.044088244438171387e-01 -1.058490425348281860e-01
2.064128220081329346e-01 -7.617174088954925537e-02
2.084168344736099243e-01 -4.657874628901481628e-02
2.104208469390869141e-01 -1.712889038026332855e-02
2.124248594045639038e-01 1.212009321898221970e-02
2.144288569688796997e-01 4.111131653189659119e-02
2.164328694343566895e-01 6.978886574506759644e-02
2.184368818998336792e-01 9.809789806604385376e-02
2.204408794641494751e-01 1.259844601154327393e-01
2.224448919296264648e-01 1.533967256546020508e-01
2.244489043951034546e-01 1.802834272384643555e-01
2.264529019594192505e-01 2.065946310758590698e-01
2.284569144248962402e-01 2.322829514741897583e-01
2.304609268903732300e-01 2.573016881942749023e-01
2.324649393558502197e-01 2.816061377525329590e-01
2.344689369201660156e-01 3.051531910896301270e-01
2.364729493856430054e-01 3.279022574424743652e-01
2.384769618511199951e-01 3.498140871524810791e-01
2.404809594154357910e-01 3.708513677120208740e-01
2.424849718809127808e-01 3.909791111946105957e-01
2.444889843463897705e-01 4.101643860340118408e-01
2.464929819107055664e-01 4.283760786056518555e-01
2.484969943761825562e-01 4.455859363079071045e-01
2.505010068416595459e-01 4.617673754692077637e-01
2.525050044059753418e-01 4.768960475921630859e-01
2.545090317726135254e-01 4.909507036209106445e-01
2.565130293369293213e-01 5.039110183715820312e-01
2.585170269012451172e-01 5.157602429389953613e-01
2.605210542678833008e-01 5.264837741851806641e-01
2.625250518321990967e-01 5.360686779022216797e-01
2.645290493965148926e-01 5.445052385330200195e-01
2.665330767631530762e-01 5.517855286598205566e-01
2.685370743274688721e-01 5.579043626785278320e-01
2.705410718917846680e-01 5.628586411476135254e-01
2.725450992584228516e-01 5.666478872299194336e-01
2.745490968227386475e-01 5.692738294601440430e-01
2.765531241893768311e-01 5.707403421401977539e-01
2.785571217536926270e-01 5.710539221763610840e-01
2.805611193180084229e-01 5.702230334281921387e-01
2.825651466846466064e-01 5.682586431503295898e-01
2.845691442489624023e-01 5.651735067367553711e-01
2.865731418132781982e-01 5.609828829765319824e-01
2.885771691799163818e-01 5.557038784027099609e-01
2.905811667442321777e-01 5.493558645248413086e-01
2.925851643085479736e-01 5.419600009918212891e-01
2.945891916751861572e-01 5.335393548011779785e-01
2.965931892395019531e-01 5.241191983222961426e-01
2.985971868038177490e-01 5.137261748313903809e-01
3.006012141704559326e-01 5.023887157440185547e-01
3.026052117347717285e-01 4.901373088359832764e-01
3.046092092990875244e-01 4.770036637783050537e-01
3.066132366657257080e-01 4.630207121372222900e-01
3.086172342300415039e-01 4.482238292694091797e-01
3.106212317943572998e-01 4.326486885547637939e-01
3.126252591609954834e-01 4.163326323032379150e-01
3.146292567253112793e-01 3.993144333362579346e-01
3.166332840919494629e-01 3.816335201263427734e-01
3.186372816562652588e-01 3.633306622505187988e-01
3.206412792205810547e-01 3.444476425647735596e-01
3.226453065872192383e-01 3.250261247158050537e-01
3.246493041515350342e-01 3.051101863384246826e-01
3.266533017158508301e-01 2.847431302070617676e-01
3.286573290824890137e-01 2.639688253402709961e-01
3.306613266468048096e-01 2.428330183029174805e-01
3.326653242111206055e-01 2.213803678750991821e-01
3.346693515777587891e-01 1.996558457612991333e-01
3.366733491420745850e-01 1.777060031890869141e-01
3.386773467063903809e-01 1.555758267641067505e-01
3.406813740730285645e-01 1.333112120628356934e-01
3.426853716373443604e-01 1.109578087925910950e-01
3.446893692016601562e-01 8.856122195720672607e-02
3.466933965682983398e-01 6.616587191820144653e-02
3.486973941326141357e-01 4.381749778985977173e-02
3.507014214992523193e-01 2.155945822596549988e-02
3.527054190635681152e-01 -5.635126726701855659e-04
3.547094166278839111e-01 -2.250872738659381866e-02
3.567134439945220947e-01 -4.423418641090393066e-02
3.587174415588378906e-01 -6.569727510213851929e-02
3.607214391231536865e-01 -8.685763180255889893e-02
3.627254664897918701e-01 -1.076758056879043579e-01
3.647294640541076660e-01 -1.281120181083679199e-01
3.667334616184234619e-01 -1.481288820505142212e-01
3.687374889850616455e-01 -1.676901578903198242e-01
3.707414865493774414e-01 -1.867595016956329346e-01
3.727454841136932373e-01 -2.053035646677017212e-01
3.747495114803314209e-01 -2.232885956764221191e-01
3.767535090446472168e-01 -2.406839579343795776e-01
3.787575066089630127e-01 -2.574587464332580566e-01
3.807615339756011963e-01 -2.735851705074310303e-01
3.827655315399169922e-01 -2.890353798866271973e-01
3.847695589065551758e-01 -3.037842512130737305e-01
3.867735564708709717e-01 -3.178082704544067383e-01
3.887775540351867676e-01 -3.310844898223876953e-01
3.907815814018249512e-01 -3.435929119586944580e-01
3.927855789661407471e-01 -3.553141653537750244e-01
3.947895765304565430e-01 -3.662313222885131836e-01
3.967936038970947266e-01 -3.763291835784912109e-01
3.987976014614105225e-01 -3.855936825275421143e-01
4.008015990257263184e-01 -3.940131664276123047e-01
4.028056263923645020e-01 -4.015777409076690674e-01
4.048096239566802979e-01 -4.082787036895751953e-01
4.068136215209960938e-01 -4.141097664833068848e-01
4.088176488876342773e-01 -4.190663397312164307e-01
4.108216464519500732e-01 -4.231452345848083496e-01
4.128256440162658691e-01 -4.263453781604766846e-01
4.148296713829040527e-01 -4.286675453186035156e-01
4.168336689472198486e-01 -4.301139116287231445e-01
4.188376665115356445e-01 -4.306886494159698486e-01
4.208416938781738281e-01 -4.303975999355316162e-01
4.228456914424896240e-01 -4.292482137680053711e-01
4.248497188091278076e-01 -4.272496104240417480e-01
4.268537163734436035e-01 -4.244126677513122559e-01
4.288577139377593994e-01 -4.207496643066406250e-01
4.308617413043975830e-01 -4.162745475769042969e-01
4.328657388687133789e-01 -4.110026955604553223e-01
4.348697364330291748e-01 -4.049511849880218506e-01
4.368737637996673584e-01 -3.981380760669708252e-01
4.388777613639831543e-01 -3.905833363533020020e-01
4.408817589282989502e-01 -3.823079168796539307e-01
4.428857862949371338e-01 -3.733339011669158936e-01
4.448897838592529297e-01 -3.636851608753204346e-01
4.468937814235687256e-01 -3.533862233161926270e-01
4.488978087902069092e-01 -3.424626886844635010e-01
4.509018063545227051e-01 -3.309417068958282471e-01
4.529058039188385010e-01 -3.188510239124298096e-01
4.549098312854766846e-01 -3.062189817428588867e-01
4.569138288497924805e-01 -2.930757105350494385e-01
4.589178562164306641e-01 -2.794510424137115479e-01
4.609218537807464600e-01 -2.653766274452209473e-01
4.629258513450622559e-01 -2.508839666843414307e-01
4.649298787117004395e-01 -2.360050082206726074e-01
4.669338762760162354e-01 -2.207732051610946655e-01
4.689378738403320312e-01 -2.052215784788131714e-01
4.709419012069702148e-01 -1.893833875656127930e-01
4.729458987712860107e-01 -1.732932925224304199e-01
4.749498963356018066e-01 -1.569847911596298218e-01
4.769539237022399902e-01 -1.404929161071777344e-01
4.789579212665557861e-01 -1.238514184951782227e-01
4.809619188308715820e-01 -1.070954725146293640e-01
4.829659461975097656e-01 -9.025881439447402954e-02
4.849699437618255615e-01 -7.337643951177597046e-02
4.869739413261413574e-01 -5.648211762309074402e-02
4.889779686927795410e-01 -3.960939124226570129e-02
4.909819662570953369e-01 -2.279252186417579651e-02
4.929859638214111328e-01 -6.064339540898799896e-03
4.949899911880493164e-01 1.054276339709758759e-02
4.969939887523651123e-01 2.699584513902664185e-02
4.989980161190032959e-01 4.326392337679862976e-02
5.010019540786743164e-01 5.931492522358894348e-02
5.030059814453125000e-01 7.511951029300689697e-02
5.050100088119506836e-01 9.064802527427673340e-02
5.070140361785888672e-01 1.058712899684906006e-01
5.090180635452270508e-01 1.207613199949264526e-01
5.110220313072204590e-01 1.352903246879577637e-01
5.130260586738586426e-01 1.494334489107131958e-01
5.150300264358520508e-01 1.631645262241363525e-01
5.170340538024902344e-01 1.764596998691558838e-01
5.190380811691284180e-01 1.892961412668228149e-01
5.210421085357666016e-01 2.016515582799911499e-01
5.230460762977600098e-01 2.135048657655715942e-01
5.250501036643981934e-01 2.248365581035614014e-01
5.270540714263916016e-01 2.356282174587249756e-01
5.290580987930297852e-01 2.458627521991729736e-01
5.310621261596679688e-01 2.555239200592041016e-01
5.330661535263061523e-01 2.645967602729797363e-01
5.350701212882995605e-01 2.730681300163269043e-01
5.370741486549377441e-01 2.809259593486785889e-01
5.390781164169311523e-01 2.881589829921722412e-01
5.410821437835693359e-01 2.947583496570587158e-01
5.430861711502075195e-01 3.007155656814575195e-01
5.450901985168457031e-01 3.060238957405090332e-01
5.470942258834838867e-01 3.106779158115386963e-01
5.490981936454772949e-01 3.146732747554779053e-01
5.511021614074707031e-01 3.180075883865356445e-01
5.531061887741088867e-01 3.206794857978820801e-01
5.551102161407470703e-01 3.226888179779052734e-01
5.571142435073852539e-01 3.240368068218231201e-01
5.591182708740234375e-01 3.247260749340057373e-01
5.611222386360168457e-01 3.247604370117187500e-01
5.631262063980102539e-01 3.241451680660247803e-01
5.651302337646484375e-01 3.228866159915924072e-01
5.671342611312866211e-01 3.209924399852752686e-01
5.691382884979248047e-01 3.184714615345001221e-01
5.711423158645629883e-01 3.153338134288787842e-01
5.731462836265563965e-01 3.115907013416290283e-01
5.751502513885498047e-01 3.072544932365417480e-01
5.771542787551879883e-01 3.023383021354675293e-01
5.791583061218261719e-01 2.968567907810211182e-01
5.811623334884643555e-01 2.908253967761993408e-01
5.831663608551025391e-01 2.842607498168945312e-01
5.851703286170959473e-01 2.771801054477691650e-01
5.871743559837341309e-01 2.696015536785125732e-01
5.891783237457275391e-01 2.615447640419006348e-01
5.911823511123657227e-01 2.530289292335510254e-01
5.931863784790039062e-01 2.440751343965530396e-01
5.951904058456420898e-01 2.347047030925750732e-01
5.971943736076354980e-01 2.249401807785034180e-01
5.991984009742736816e-01 2.148033976554870605e-01
6.012023687362670898e-01 2.043184638023376465e-01
6.032063961029052734e-01 1.935082226991653442e-01
6.052104234695434570e-01 1.823973208665847778e-01
6.072144508361816406e-01 1.710104048252105713e-01
6.092184185981750488e-01 1.593729406595230103e-01
6.112224459648132324e-01 1.475091725587844849e-01
6.132264137268066406e-01 1.354454457759857178e-01
6.152304410934448242e-01 1.232069060206413269e-01
6.172344684600830078e-01 1.108199656009674072e-01
6.192384958267211914e-01 9.831006824970245361e-02
6.212425231933593750e-01 8.570344746112823486e-02
6.232464909553527832e-01 7.302664220333099365e-02
6.252504587173461914e-01 6.030475720763206482e-02
6.272544860839843750e-01 4.756358265876770020e-02
6.292585134506225586e-01 3.482902050018310547e-02
6.312625408172607422e-01 2.212675102055072784e-02
6.332665681838989258e-01 9.481384418904781342e-03
6.352705359458923340e-01 -3.081713803112506866e-03
6.372745037078857422e-01 -1.553808152675628662e-02
6.392785310745239258e-01 -2.786445617675781250e-02
6.412825584411621094e-01 -4.003669321537017822e-02
6.432865858078002930e-01 -5.203168839216232300e-02
6.452906131744384766e-01 -6.382686644792556763e-02
6.472945809364318848e-01 -7.539973407983779907e-02
6.492985486984252930e-01 -8.672945201396942139e-02
6.513025760650634766e-01 -9.779574722051620483e-02
6.533066034317016602e-01 -1.085781529545783997e-01
6.553106307983398438e-01 -1.190573349595069885e-01
6.573146581649780273e-01 -1.292147636413574219e-01
6.593186259269714355e-01 -1.390322893857955933e-01
6.613226532936096191e-01 -1.484938114881515503e-01
6.633266210556030273e-01 -1.575827002525329590e-01
6.653306484222412109e-01 -1.662839055061340332e-01
6.673346757888793945e-01 -1.745832711458206177e-01
6.693387031555175781e-01 -1.824672967195510864e-01
6.713426709175109863e-01 -1.899233311414718628e-01
6.733466982841491699e-01 -1.969400346279144287e-01
6.753506660461425781e-01 -2.035069316625595093e-01
6.773546934127807617e-01 -2.096146047115325928e-01
6.793587207794189453e-01 -2.152543216943740845e-01
6.813627481460571289e-01 -2.204184383153915405e-01
6.833667159080505371e-01 -2.251005917787551880e-01
6.853707432746887207e-01 -2.292953580617904663e-01
6.873747110366821289e-01 -2.329979091882705688e-01
6.893787384033203125e-01 -2.362051755189895630e-01
6.913827657699584961e-01 -2.389144748449325562e-01
6.933867931365966797e-01 -2.411243915557861328e-01
6.953908205032348633e-01 -2.428344786167144775e-01
6.973947882652282715e-01 -2.440452426671981812e-01
6.993987560272216797e-01 -2.447583824396133423e-01
7.014027833938598633e-01 -2.449764311313629150e-01
7.034068107604980469e-01 -2.447028607130050659e-01
7.054108381271362305e-01 -2.439421117305755615e-01
7.074148654937744141e-01 -2.426996529102325439e-01
7.094188332557678223e-01 -2.409818321466445923e-01
7.114228010177612305e-01 -2.387958616018295288e-01
7.134268283843994141e-01 -2.361497581005096436e-01
7.154308557510375977e-01 -2.330526262521743774e-01
7.174348831176757812e-01 -2.295141071081161499e-01
7.194389104843139648e-01 -2.255448997020721436e-01
7.214428782463073730e-01 -2.211565226316452026e-01
7.234468460083007812e-01 -2.163609862327575684e-01
7.254508733749389648e-01 -2.111708968877792358e-01
7.274549007415771484e-01 -2.055999487638473511e-01
7.294589281082153320e-01 -1.996623426675796509e-01
7.314629554748535156e-01 -1.933728754520416260e-01
7.334669232368469238e-01 -1.867472231388092041e-01
7.354709506034851074e-01 -1.798007488250732422e-01
7.374749183654785156e-01 -1.725502312183380127e-01
7.394789457321166992e-01 -1.650128066539764404e-01
7.414829730987548828e-01 -1.572053134441375732e-01
7.434870004653930664e-01 -1.491457670927047729e-01
7.454909682273864746e-01 -1.408523619174957275e-01
7.474949955940246582e-01 -1.323438137769699097e-01
7.494989633560180664e-01 -1.236382499337196350e-01
7.515029907226562500e-01 -1.147549375891685486e-01
7.535070180892944336e-01 -1.057130545377731323e-01
7.555110454559326172e-01 -9.653235226869583130e-02
7.575150132179260254e-01 -8.723155409097671509e-02
7.595190405845642090e-01 -7.783056795597076416e-02
7.615230083465576172e-01 -6.834939867258071899e-02
7.635270357131958008e-01 -5.880685523152351379e-02
7.655310630798339844e-01 -4.922290518879890442e-02
7.675350904464721680e-01 -3.961703553795814514e-02
7.695390582084655762e-01 -3.000905178487300873e-02
7.715430855751037598e-01 -2.041736245155334473e-02
7.735471129417419434e-01 -1.086142566055059433e-02
7.755510807037353516e-01 -1.360467169433832169e-03
7.775551080703735352e-01 8.067757822573184967e-03
7.795591354370117188e-01 1.740457490086555481e-02
7.815631031990051270e-01 2.663164772093296051e-02
7.835671305656433105e-01 3.573219105601310730e-02
7.855711579322814941e-01 4.468861967325210571e-02
7.875751256942749023e-01 5.348380282521247864e-02
7.895791530609130859e-01 6.210218742489814758e-02
7.915831804275512695e-01 7.052757591009140015e-02
7.935872077941894531e-01 7.874466478824615479e-02
7.955911755561828613e-01 8.673833310604095459e-02
7.975952029228210449e-01 9.449508041143417358e-02
7.995991706848144531e-01 1.020006164908409119e-01
8.016031980514526367e-01 1.092425808310508728e-01
8.036072254180908203e-01 1.162082701921463013e-01
8.056112527847290039e-01 1.228859573602676392e-01
8.076152205467224121e-01 1.292643249034881592e-01
8.096192479133605957e-01 1.353335529565811157e-01
8.116232156753540039e-01 1.410834640264511108e-01
8.136272430419921875e-01 1.465055793523788452e-01
8.156312704086303711e-01 1.515914499759674072e-01
8.176352977752685547e-01 1.563335657119750977e-01
8.196392655372619629e-01 1.607249975204467773e-01
8.216432929039001465e-01 1.647601872682571411e-01
8.236472606658935547e-01 1.684335321187973022e-01
8.256512880325317383e-01 1.717408895492553711e-01
8.276553153991699219e-01 1.746784150600433350e-01
8.296593427658081055e-01 1.772431582212448120e-01
8.316633105278015137e-01 1.794329285621643066e-01
8.336673378944396973e-01 1.812464892864227295e-01
8.356713056564331055e-01 1.826831549406051636e-01
8.376753330230712891e-01 1.837429404258728027e-01
8.396793603897094727e-01 1.844269186258316040e-01
8.416833877563476562e-01 1.847366243600845337e-01
8.436873555183410645e-01 1.846744865179061890e-01
8.456913828849792480e-01 1.842435002326965332e-01
8.476954102516174316e-01 1.834475398063659668e-01
8.496993780136108398e-01 1.822911351919174194e-01
8.517034053802490234e-01 1.807793825864791870e-01
8.537074327468872070e-01 1.789182722568511963e-01
8.557114005088806152e-01 1.767142117023468018e-01
8.577154278755187988e-01 1.741743236780166626e-01
8.597194552421569824e-01 1.713064461946487427e-01
8.617234230041503906e-01 1.681190282106399536e-01
8.637274503707885742e-01 1.646207571029663086e-01
8.657314777374267578e-01 1.608212143182754517e-01
8.677355051040649414e-01 1.567303985357284546e-01
8.697394728660583496e-01 1.523590236902236938e-01
8.717435002326965332e-01 1.477176994085311890e-01
8.737474679946899414e-01 1.428182423114776611e-01
8.757514953613281250e-01 1.376721411943435669e-01
8.777555227279663086e-01 1.322917938232421875e-01
8.797595500946044922e-01 1.266898512840270996e-01
8.817635178565979004e-01 1.208795607089996338e-01
8.837675452232360840e-01 1.148736774921417236e-01
8.857715129852294922e-01 1.086863130331039429e-01
8.877755403518676758e-01 1.023307442665100098e-01
8.897795677185058594e-01 9.582129865884780884e-02
8.917835950851440430e-01 8.917219936847686768e-02
8.937875628471374512e-01 8.239815384149551392e-02
8.957915902137756348e-01 7.551314681768417358e-02
8.977955579757690430e-01 6.853239238262176514e-02
8.997995853424072266e-01 6.147004663944244385e-02
9.018036127090454102e-01 5.434116348624229431e-02
9.038076400756835938e-01 4.716052487492561340e-02
9.058116078376770020e-01 3.994321823120117188e-02
9.078156352043151855e-01 3.270336240530014038e-02
9.098196625709533691e-01 2.545590698719024658e-02
9.118236303329467773e-01 1.821572333574295044e-02
9.138276576995849609e-01 1.099661272019147873e-02
9.158316850662231445e-01 3.813148941844701767e-03
9.178356528282165527e-01 -3.320283023640513420e-03
9.198396801948547363e-01 -1.039042416960000992e-02
9.218437075614929199e-01 -1.738334074616432190e-02
9.238476753234863281e-01 -2.428536675870418549e-02
9.258517026901245117e-01 -3.108402155339717865e-02
9.278557300567626953e-01 -3.776623308658599854e-02
9.298596978187561035e-01 -4.431929439306259155e-02
9.318637251853942871e-01 -5.073169246315956116e-02
9.338677525520324707e-01 -5.699143931269645691e-02
9.358717203140258789e-01 -6.308698654174804688e-02
9.378757476806640625e-01 -6.900797784328460693e-02
9.398797750473022461e-01 -7.474369555711746216e-02
9.418837428092956543e-01 -8.028416335582733154e-02
9.438877701759338379e-01 -8.561960607767105103e-02
9.458917975425720215e-01 -9.074147790670394897e-02
9.478957653045654297e-01 -9.564100205898284912e-02
9.498997926712036133e-01 -1.003101542592048645e-01
9.519038200378417969e-01 -1.047412231564521790e-01
9.539077877998352051e-01 -1.089276969432830811e-01
9.559118151664733887e-01 -1.128628998994827271e-01
9.579158425331115723e-01 -1.165409982204437256e-01
9.599198102951049805e-01 -1.199565306305885315e-01
9.619238376617431641e-01 -1.231050714850425720e-01
9.639278650283813477e-01 -1.259822994470596313e-01
9.659318923950195312e-01 -1.285846233367919922e-01
9.679358601570129395e-01 -1.309089362621307373e-01
9.699398875236511230e-01 -1.329530179500579834e-01
9.719439148902893066e-01 -1.347149163484573364e-01
9.739478826522827148e-01 -1.361933052539825439e-01
9.759519100189208984e-01 -1.373876035213470459e-01
9.779559373855590820e-01 -1.382976323366165161e-01
9.799599051475524902e-01 -1.389238238334655762e-01
9.819639325141906738e-01 -1.392672359943389893e-01
9.839679598808288574e-01 -1.393294036388397217e-01
9.859719276428222656e-01 -1.391124874353408813e-01
9.879759550094604492e-01 -1.386191099882125854e-01
9.899799823760986328e-01 -1.378524750471115112e-01
9.919839501380920410e-01 -1.368163228034973145e-01
9.939879775047302246e-01 -1.355148255825042725e-01
9.959920048713684082e-01 -1.339527368545532227e-01
9.979959726333618164e-01 -1.321353316307067871e-01
1.000000000000000000e+00 -1.300681382417678833e-01
