5.075715432087843926e-01 4.401997577261973493e-01 4.517762658734242320e-01 4.574102445460714872e-01
2.855844993664773401e-01 3.185498712051879622e-01 2.763927834504806280e-01 4.239409480531521890e-01
3.306936417488162694e-01 2.615026383417561884e-01 2.657305789042201383e-01 2.702097227365065080e-01
8.498067511695514553e-02 1.519843852340475032e-01 7.541347248641304402e-02 1.026024336268387682e-01
5.251831608117250028e-01 3.934813992837126184e-01 3.474992763215524194e-01 3.758483208780205587e-01
0.000000000000000000e+00 0.000000000000000000e+00 0.000000000000000000e+00 0.000000000000000000e+00
1.662346097911041598e-01 1.321613957538896045e-01 3.146626088369122165e-01 1.039644778848200779e-01
0.000000000000000000e+00 0.000000000000000000e+00 0.000000000000000000e+00 0.000000000000000000e+00
3.700030383117347554e-01 4.230203322000539168e-01 4.129180922502564410e-01 5.549602368546642239e-01
4.862758010398326447e-01 5.880094715323870291e-01 4.235401460614623970e-01 3.606590680837196694e-01
5.296817957200199434e-01 3.290948573308916103e-01 3.897852347429934250e-01 2.491405569471638604e-01
0.000000000000000000e+00 0.000000000000000000e+00 0.000000000000000000e+00 0.000000000000000000e+00
0.000000000000000000e+00 0.000000000000000000e+00 0.000000000000000000e+00 0.000000000000000000e+00
3.075405687733634985e-01 5.599457317804377166e-01 7.422752858693608680e-01 4.974695417706374578e-01
7.349147844222719828e-01 8.430215330986349231e-01 7.676226353213111420e-01 7.533379072702001134e-01
0.000000000000000000e+00 0.000000000000000000e+00 0.000000000000000000e+00 0.000000000000000000e+00
